rot:
  max: 123.93082418331775
  mean: 117.66759384639236
  median: 117.65778345652382
  min: 112.41449738936478
  num_samples: 1621
  rmse: 117.68572750800573
  std: 2.065869668934681
scale:
  max: 4.60004630231502
  mean: 1.154971721358557
  median: 0.9965311082362538
  min: 0.001877662280080905
  num_samples: 1621
  rmse: 1.450635340896813
  std: 0.8777147686582837
trans:
  max: 0.13397615410658006
  mean: 0.034437059744718015
  median: 0.030977059193962816
  min: 0.0013693202564688538
  num_samples: 1621
  rmse: 0.0394132949532722
  std: 0.019170204360213636
